24.427435 84 173.963538 805.175111 318.517138 699.843191 
5 388.000000 864.000000 152.000000 38.000000 
4 356.000000 820.000000 152.000000 38.000000 
14 171.000000 746.000000 152.000000 38.000000 
3 227.000000 943.000000 152.000000 38.000000 
7 232.000000 982.000000 152.000000 38.000000 
12 433.000000 951.000000 304.000000 76.000000 
10 675.000000 979.000000 456.000000 114.000000 
2 978.000000 904.000000 608.000000 152.000000 
8 249.000000 3.000000 608.000000 152.000000 
11 487.000000 260.000000 760.000000 190.000000 
0 700.000000 342.000000 760.000000 190.000000 
1 733.000000 266.000000 912.000000 228.000000 
13 598.000000 417.000000 912.000000 228.000000 
6 689.000000 422.000000 1064.000000 266.000000 
9 928.261108 284.445474 1216.000000 304.000000 