299.621364 16 240.188005 839.792654 386.088775 725.758566 
4 435.000000 860.000000 121.000000 30.250000 
9 290.000000 623.000000 121.000000 30.250000 
14 656.000000 446.000000 363.000000 90.750000 
11 789.000000 662.000000 363.000000 90.750000 
10 849.000000 998.000000 484.000000 121.000000 
7 793.000000 473.000000 484.000000 121.000000 
0 373.000000 67.000000 605.000000 151.250000 
13 633.000000 399.000000 605.000000 151.250000 
1 945.000000 945.000000 605.000000 151.250000 
5 986.000000 733.000000 726.000000 181.500000 
3 700.000000 266.000000 726.000000 181.500000 
8 999.000000 361.000000 726.000000 181.500000 
6 938.000000 647.000000 726.000000 181.500000 
12 782.950773 53.646323 847.000000 211.750000 
